{
 "cells": [
  {
   "cell_type": "markdown",
   "id": "56947863",
   "metadata": {},
   "source": [
    "# Comparing Harmonic, Arithmetic and Geometric Means"
   ]
  },
  {
   "cell_type": "markdown",
   "id": "1f76eac0",
   "metadata": {},
   "source": [
    "## Import modules"
   ]
  },
  {
   "cell_type": "code",
   "execution_count": 1,
   "id": "cabd3d12",
   "metadata": {},
   "outputs": [],
   "source": [
    "import chart_studio.plotly as py\n",
    "import chart_studio\n",
    "import numpy as np\n",
    "import pandas as pd\n",
    "import plotly.express as px\n",
    "from itertools import product"
   ]
  },
  {
   "cell_type": "markdown",
   "id": "ba71e5be",
   "metadata": {},
   "source": [
    "## Define functions"
   ]
  },
  {
   "cell_type": "code",
   "execution_count": 2,
   "id": "aefc2841",
   "metadata": {},
   "outputs": [],
   "source": [
    "def compute_harmonic_mean(x, y):\n",
    "    return (2*x*y)/(x+y)"
   ]
  },
  {
   "cell_type": "code",
   "execution_count": 3,
   "id": "733fbe8f",
   "metadata": {},
   "outputs": [],
   "source": [
    "def compute_arithmetic_mean(x, y):\n",
    "    return (x+y)/2"
   ]
  },
  {
   "cell_type": "code",
   "execution_count": 4,
   "id": "fd36f3ad",
   "metadata": {},
   "outputs": [],
   "source": [
    "def compute_geometric_mean(x, y):\n",
    "    return (x*y)**0.5"
   ]
  },
  {
   "cell_type": "markdown",
   "id": "8ae8afce",
   "metadata": {},
   "source": [
    "## Connect with Chartstudio"
   ]
  },
  {
   "cell_type": "code",
   "execution_count": 5,
   "id": "669e180b",
   "metadata": {},
   "outputs": [],
   "source": [
    "username = 'zeyalt' # Add your username\n",
    "api_key = 'j6vY7DJ6EPjEiEjxrIsj' # Add your api key \n",
    "\n",
    "chart_studio.tools.set_credentials_file(username = username, api_key = api_key)"
   ]
  },
  {
   "cell_type": "markdown",
   "id": "c1c8b953",
   "metadata": {},
   "source": [
    "## Generate Precision and Recall Values"
   ]
  },
  {
   "cell_type": "code",
   "execution_count": 6,
   "id": "cb8d500e",
   "metadata": {},
   "outputs": [],
   "source": [
    "precision = np.arange(0.05, 1.05, 0.05)\n",
    "recall = np.arange(0.05, 1.05, 0.05)"
   ]
  },
  {
   "cell_type": "markdown",
   "id": "fff70c69",
   "metadata": {},
   "source": [
    "## Compute Harmonic, Arithmetic and Geometric Means"
   ]
  },
  {
   "cell_type": "code",
   "execution_count": 7,
   "id": "12f9197b",
   "metadata": {},
   "outputs": [],
   "source": [
    "harmonic_mean = [compute_harmonic_mean(x, y) for x, y in list(product(precision, recall))]\n",
    "arithmetic_mean = [compute_arithmetic_mean(x, y) for x, y in list(product(precision, recall))]\n",
    "geometric_mean = [compute_geometric_mean(x, y) for x, y in list(product(precision, recall))]"
   ]
  },
  {
   "cell_type": "markdown",
   "id": "80458d25",
   "metadata": {},
   "source": [
    "## Organise Data in Pandas `DataFrame`"
   ]
  },
  {
   "cell_type": "code",
   "execution_count": 8,
   "id": "952400bb",
   "metadata": {},
   "outputs": [],
   "source": [
    "data = {'Precision': [x for x, _ in list(product(precision, recall))],\n",
    "        'Recall': [y for _, y in list(product(precision, recall))],\n",
    "        'Harmonic Mean': harmonic_mean, \n",
    "        'Arithmetic Mean': arithmetic_mean, \n",
    "        'Geometric Mean': geometric_mean}\n",
    "\n",
    "df = pd.DataFrame(data)\n",
    "\n",
    "# Reshape data for ease of visualisation using Plotly Express\n",
    "df_reshaped = pd.melt(df, id_vars=[\"Precision\", \"Recall\"], var_name=\"Type\", value_name=\"Value\")"
   ]
  },
  {
   "cell_type": "markdown",
   "id": "2388f58a",
   "metadata": {},
   "source": [
    "## Create 3D Scatter Plots"
   ]
  },
  {
   "cell_type": "code",
   "execution_count": 9,
   "id": "054ba520",
   "metadata": {},
   "outputs": [
    {
     "data": {
      "application/vnd.plotly.v1+json": {
       "config": {
        "plotlyServerURL": "https://plot.ly"
       },
       "data": [
        {
         "hovertemplate": "Type=Harmonic Mean<br>Precision=%{x}<br>Recall=%{y}<br>Value=%{z}<extra></extra>",
         "legendgroup": "Harmonic Mean",
         "marker": {
          "color": "#636efa",
          "opacity": 0.8,
          "size": 5,
          "symbol": "circle"
         },
         "mode": "markers",
         "name": "Harmonic Mean",
         "scene": "scene",
         "showlegend": true,
         "type": "scatter3d",
         "x": [
          0.05,
          0.05,
          0.05,
          0.05,
          0.05,
          0.05,
          0.05,
          0.05,
          0.05,
          0.05,
          0.05,
          0.05,
          0.05,
          0.05,
          0.05,
          0.05,
          0.05,
          0.05,
          0.05,
          0.05,
          0.1,
          0.1,
          0.1,
          0.1,
          0.1,
          0.1,
          0.1,
          0.1,
          0.1,
          0.1,
          0.1,
          0.1,
          0.1,
          0.1,
          0.1,
          0.1,
          0.1,
          0.1,
          0.1,
          0.1,
          0.15000000000000002,
          0.15000000000000002,
          0.15000000000000002,
          0.15000000000000002,
          0.15000000000000002,
          0.15000000000000002,
          0.15000000000000002,
          0.15000000000000002,
          0.15000000000000002,
          0.15000000000000002,
          0.15000000000000002,
          0.15000000000000002,
          0.15000000000000002,
          0.15000000000000002,
          0.15000000000000002,
          0.15000000000000002,
          0.15000000000000002,
          0.15000000000000002,
          0.15000000000000002,
          0.15000000000000002,
          0.2,
          0.2,
          0.2,
          0.2,
          0.2,
          0.2,
          0.2,
          0.2,
          0.2,
          0.2,
          0.2,
          0.2,
          0.2,
          0.2,
          0.2,
          0.2,
          0.2,
          0.2,
          0.2,
          0.2,
          0.25,
          0.25,
          0.25,
          0.25,
          0.25,
          0.25,
          0.25,
          0.25,
          0.25,
          0.25,
          0.25,
          0.25,
          0.25,
          0.25,
          0.25,
          0.25,
          0.25,
          0.25,
          0.25,
          0.25,
          0.3,
          0.3,
          0.3,
          0.3,
          0.3,
          0.3,
          0.3,
          0.3,
          0.3,
          0.3,
          0.3,
          0.3,
          0.3,
          0.3,
          0.3,
          0.3,
          0.3,
          0.3,
          0.3,
          0.3,
          0.35000000000000003,
          0.35000000000000003,
          0.35000000000000003,
          0.35000000000000003,
          0.35000000000000003,
          0.35000000000000003,
          0.35000000000000003,
          0.35000000000000003,
          0.35000000000000003,
          0.35000000000000003,
          0.35000000000000003,
          0.35000000000000003,
          0.35000000000000003,
          0.35000000000000003,
          0.35000000000000003,
          0.35000000000000003,
          0.35000000000000003,
          0.35000000000000003,
          0.35000000000000003,
          0.35000000000000003,
          0.4,
          0.4,
          0.4,
          0.4,
          0.4,
          0.4,
          0.4,
          0.4,
          0.4,
          0.4,
          0.4,
          0.4,
          0.4,
          0.4,
          0.4,
          0.4,
          0.4,
          0.4,
          0.4,
          0.4,
          0.45,
          0.45,
          0.45,
          0.45,
          0.45,
          0.45,
          0.45,
          0.45,
          0.45,
          0.45,
          0.45,
          0.45,
          0.45,
          0.45,
          0.45,
          0.45,
          0.45,
          0.45,
          0.45,
          0.45,
          0.5,
          0.5,
          0.5,
          0.5,
          0.5,
          0.5,
          0.5,
          0.5,
          0.5,
          0.5,
          0.5,
          0.5,
          0.5,
          0.5,
          0.5,
          0.5,
          0.5,
          0.5,
          0.5,
          0.5,
          0.55,
          0.55,
          0.55,
          0.55,
          0.55,
          0.55,
          0.55,
          0.55,
          0.55,
          0.55,
          0.55,
          0.55,
          0.55,
          0.55,
          0.55,
          0.55,
          0.55,
          0.55,
          0.55,
          0.55,
          0.6000000000000001,
          0.6000000000000001,
          0.6000000000000001,
          0.6000000000000001,
          0.6000000000000001,
          0.6000000000000001,
          0.6000000000000001,
          0.6000000000000001,
          0.6000000000000001,
          0.6000000000000001,
          0.6000000000000001,
          0.6000000000000001,
          0.6000000000000001,
          0.6000000000000001,
          0.6000000000000001,
          0.6000000000000001,
          0.6000000000000001,
          0.6000000000000001,
          0.6000000000000001,
          0.6000000000000001,
          0.6500000000000001,
          0.6500000000000001,
          0.6500000000000001,
          0.6500000000000001,
          0.6500000000000001,
          0.6500000000000001,
          0.6500000000000001,
          0.6500000000000001,
          0.6500000000000001,
          0.6500000000000001,
          0.6500000000000001,
          0.6500000000000001,
          0.6500000000000001,
          0.6500000000000001,
          0.6500000000000001,
          0.6500000000000001,
          0.6500000000000001,
          0.6500000000000001,
          0.6500000000000001,
          0.6500000000000001,
          0.7000000000000001,
          0.7000000000000001,
          0.7000000000000001,
          0.7000000000000001,
          0.7000000000000001,
          0.7000000000000001,
          0.7000000000000001,
          0.7000000000000001,
          0.7000000000000001,
          0.7000000000000001,
          0.7000000000000001,
          0.7000000000000001,
          0.7000000000000001,
          0.7000000000000001,
          0.7000000000000001,
          0.7000000000000001,
          0.7000000000000001,
          0.7000000000000001,
          0.7000000000000001,
          0.7000000000000001,
          0.7500000000000001,
          0.7500000000000001,
          0.7500000000000001,
          0.7500000000000001,
          0.7500000000000001,
          0.7500000000000001,
          0.7500000000000001,
          0.7500000000000001,
          0.7500000000000001,
          0.7500000000000001,
          0.7500000000000001,
          0.7500000000000001,
          0.7500000000000001,
          0.7500000000000001,
          0.7500000000000001,
          0.7500000000000001,
          0.7500000000000001,
          0.7500000000000001,
          0.7500000000000001,
          0.7500000000000001,
          0.8,
          0.8,
          0.8,
          0.8,
          0.8,
          0.8,
          0.8,
          0.8,
          0.8,
          0.8,
          0.8,
          0.8,
          0.8,
          0.8,
          0.8,
          0.8,
          0.8,
          0.8,
          0.8,
          0.8,
          0.8500000000000001,
          0.8500000000000001,
          0.8500000000000001,
          0.8500000000000001,
          0.8500000000000001,
          0.8500000000000001,
          0.8500000000000001,
          0.8500000000000001,
          0.8500000000000001,
          0.8500000000000001,
          0.8500000000000001,
          0.8500000000000001,
          0.8500000000000001,
          0.8500000000000001,
          0.8500000000000001,
          0.8500000000000001,
          0.8500000000000001,
          0.8500000000000001,
          0.8500000000000001,
          0.8500000000000001,
          0.9000000000000001,
          0.9000000000000001,
          0.9000000000000001,
          0.9000000000000001,
          0.9000000000000001,
          0.9000000000000001,
          0.9000000000000001,
          0.9000000000000001,
          0.9000000000000001,
          0.9000000000000001,
          0.9000000000000001,
          0.9000000000000001,
          0.9000000000000001,
          0.9000000000000001,
          0.9000000000000001,
          0.9000000000000001,
          0.9000000000000001,
          0.9000000000000001,
          0.9000000000000001,
          0.9000000000000001,
          0.9500000000000001,
          0.9500000000000001,
          0.9500000000000001,
          0.9500000000000001,
          0.9500000000000001,
          0.9500000000000001,
          0.9500000000000001,
          0.9500000000000001,
          0.9500000000000001,
          0.9500000000000001,
          0.9500000000000001,
          0.9500000000000001,
          0.9500000000000001,
          0.9500000000000001,
          0.9500000000000001,
          0.9500000000000001,
          0.9500000000000001,
          0.9500000000000001,
          0.9500000000000001,
          0.9500000000000001,
          1,
          1,
          1,
          1,
          1,
          1,
          1,
          1,
          1,
          1,
          1,
          1,
          1,
          1,
          1,
          1,
          1,
          1,
          1,
          1
         ],
         "y": [
          0.05,
          0.1,
          0.15000000000000002,
          0.2,
          0.25,
          0.3,
          0.35000000000000003,
          0.4,
          0.45,
          0.5,
          0.55,
          0.6000000000000001,
          0.6500000000000001,
          0.7000000000000001,
          0.7500000000000001,
          0.8,
          0.8500000000000001,
          0.9000000000000001,
          0.9500000000000001,
          1,
          0.05,
          0.1,
          0.15000000000000002,
          0.2,
          0.25,
          0.3,
          0.35000000000000003,
          0.4,
          0.45,
          0.5,
          0.55,
          0.6000000000000001,
          0.6500000000000001,
          0.7000000000000001,
          0.7500000000000001,
          0.8,
          0.8500000000000001,
          0.9000000000000001,
          0.9500000000000001,
          1,
          0.05,
          0.1,
          0.15000000000000002,
          0.2,
          0.25,
          0.3,
          0.35000000000000003,
          0.4,
          0.45,
          0.5,
          0.55,
          0.6000000000000001,
          0.6500000000000001,
          0.7000000000000001,
          0.7500000000000001,
          0.8,
          0.8500000000000001,
          0.9000000000000001,
          0.9500000000000001,
          1,
          0.05,
          0.1,
          0.15000000000000002,
          0.2,
          0.25,
          0.3,
          0.35000000000000003,
          0.4,
          0.45,
          0.5,
          0.55,
          0.6000000000000001,
          0.6500000000000001,
          0.7000000000000001,
          0.7500000000000001,
          0.8,
          0.8500000000000001,
          0.9000000000000001,
          0.9500000000000001,
          1,
          0.05,
          0.1,
          0.15000000000000002,
          0.2,
          0.25,
          0.3,
          0.35000000000000003,
          0.4,
          0.45,
          0.5,
          0.55,
          0.6000000000000001,
          0.6500000000000001,
          0.7000000000000001,
          0.7500000000000001,
          0.8,
          0.8500000000000001,
          0.9000000000000001,
          0.9500000000000001,
          1,
          0.05,
          0.1,
          0.15000000000000002,
          0.2,
          0.25,
          0.3,
          0.35000000000000003,
          0.4,
          0.45,
          0.5,
          0.55,
          0.6000000000000001,
          0.6500000000000001,
          0.7000000000000001,
          0.7500000000000001,
          0.8,
          0.8500000000000001,
          0.9000000000000001,
          0.9500000000000001,
          1,
          0.05,
          0.1,
          0.15000000000000002,
          0.2,
          0.25,
          0.3,
          0.35000000000000003,
          0.4,
          0.45,
          0.5,
          0.55,
          0.6000000000000001,
          0.6500000000000001,
          0.7000000000000001,
          0.7500000000000001,
          0.8,
          0.8500000000000001,
          0.9000000000000001,
          0.9500000000000001,
          1,
          0.05,
          0.1,
          0.15000000000000002,
          0.2,
          0.25,
          0.3,
          0.35000000000000003,
          0.4,
          0.45,
          0.5,
          0.55,
          0.6000000000000001,
          0.6500000000000001,
          0.7000000000000001,
          0.7500000000000001,
          0.8,
          0.8500000000000001,
          0.9000000000000001,
          0.9500000000000001,
          1,
          0.05,
          0.1,
          0.15000000000000002,
          0.2,
          0.25,
          0.3,
          0.35000000000000003,
          0.4,
          0.45,
          0.5,
          0.55,
          0.6000000000000001,
          0.6500000000000001,
          0.7000000000000001,
          0.7500000000000001,
          0.8,
          0.8500000000000001,
          0.9000000000000001,
          0.9500000000000001,
          1,
          0.05,
          0.1,
          0.15000000000000002,
          0.2,
          0.25,
          0.3,
          0.35000000000000003,
          0.4,
          0.45,
          0.5,
          0.55,
          0.6000000000000001,
          0.6500000000000001,
          0.7000000000000001,
          0.7500000000000001,
          0.8,
          0.8500000000000001,
          0.9000000000000001,
          0.9500000000000001,
          1,
          0.05,
          0.1,
          0.15000000000000002,
          0.2,
          0.25,
          0.3,
          0.35000000000000003,
          0.4,
          0.45,
          0.5,
          0.55,
          0.6000000000000001,
          0.6500000000000001,
          0.7000000000000001,
          0.7500000000000001,
          0.8,
          0.8500000000000001,
          0.9000000000000001,
          0.9500000000000001,
          1,
          0.05,
          0.1,
          0.15000000000000002,
          0.2,
          0.25,
          0.3,
          0.35000000000000003,
          0.4,
          0.45,
          0.5,
          0.55,
          0.6000000000000001,
          0.6500000000000001,
          0.7000000000000001,
          0.7500000000000001,
          0.8,
          0.8500000000000001,
          0.9000000000000001,
          0.9500000000000001,
          1,
          0.05,
          0.1,
          0.15000000000000002,
          0.2,
          0.25,
          0.3,
          0.35000000000000003,
          0.4,
          0.45,
          0.5,
          0.55,
          0.6000000000000001,
          0.6500000000000001,
          0.7000000000000001,
          0.7500000000000001,
          0.8,
          0.8500000000000001,
          0.9000000000000001,
          0.9500000000000001,
          1,
          0.05,
          0.1,
          0.15000000000000002,
          0.2,
          0.25,
          0.3,
          0.35000000000000003,
          0.4,
          0.45,
          0.5,
          0.55,
          0.6000000000000001,
          0.6500000000000001,
          0.7000000000000001,
          0.7500000000000001,
          0.8,
          0.8500000000000001,
          0.9000000000000001,
          0.9500000000000001,
          1,
          0.05,
          0.1,
          0.15000000000000002,
          0.2,
          0.25,
          0.3,
          0.35000000000000003,
          0.4,
          0.45,
          0.5,
          0.55,
          0.6000000000000001,
          0.6500000000000001,
          0.7000000000000001,
          0.7500000000000001,
          0.8,
          0.8500000000000001,
          0.9000000000000001,
          0.9500000000000001,
          1,
          0.05,
          0.1,
          0.15000000000000002,
          0.2,
          0.25,
          0.3,
          0.35000000000000003,
          0.4,
          0.45,
          0.5,
          0.55,
          0.6000000000000001,
          0.6500000000000001,
          0.7000000000000001,
          0.7500000000000001,
          0.8,
          0.8500000000000001,
          0.9000000000000001,
          0.9500000000000001,
          1,
          0.05,
          0.1,
          0.15000000000000002,
          0.2,
          0.25,
          0.3,
          0.35000000000000003,
          0.4,
          0.45,
          0.5,
          0.55,
          0.6000000000000001,
          0.6500000000000001,
          0.7000000000000001,
          0.7500000000000001,
          0.8,
          0.8500000000000001,
          0.9000000000000001,
          0.9500000000000001,
          1,
          0.05,
          0.1,
          0.15000000000000002,
          0.2,
          0.25,
          0.3,
          0.35000000000000003,
          0.4,
          0.45,
          0.5,
          0.55,
          0.6000000000000001,
          0.6500000000000001,
          0.7000000000000001,
          0.7500000000000001,
          0.8,
          0.8500000000000001,
          0.9000000000000001,
          0.9500000000000001,
          1,
          0.05,
          0.1,
          0.15000000000000002,
          0.2,
          0.25,
          0.3,
          0.35000000000000003,
          0.4,
          0.45,
          0.5,
          0.55,
          0.6000000000000001,
          0.6500000000000001,
          0.7000000000000001,
          0.7500000000000001,
          0.8,
          0.8500000000000001,
          0.9000000000000001,
          0.9500000000000001,
          1,
          0.05,
          0.1,
          0.15000000000000002,
          0.2,
          0.25,
          0.3,
          0.35000000000000003,
          0.4,
          0.45,
          0.5,
          0.55,
          0.6000000000000001,
          0.6500000000000001,
          0.7000000000000001,
          0.7500000000000001,
          0.8,
          0.8500000000000001,
          0.9000000000000001,
          0.9500000000000001,
          1
         ],
         "z": [
          0.05000000000000001,
          0.06666666666666667,
          0.07500000000000001,
          0.08000000000000002,
          0.08333333333333334,
          0.08571428571428572,
          0.08750000000000001,
          0.0888888888888889,
          0.09000000000000001,
          0.09090909090909091,
          0.09166666666666666,
          0.09230769230769231,
          0.09285714285714286,
          0.09333333333333332,
          0.09375,
          0.09411764705882354,
          0.09444444444444446,
          0.09473684210526316,
          0.09500000000000001,
          0.09523809523809523,
          0.06666666666666667,
          0.10000000000000002,
          0.12000000000000002,
          0.13333333333333333,
          0.14285714285714288,
          0.15,
          0.15555555555555556,
          0.16000000000000003,
          0.16363636363636364,
          0.16666666666666669,
          0.16923076923076924,
          0.17142857142857146,
          0.17333333333333334,
          0.17500000000000002,
          0.17647058823529413,
          0.1777777777777778,
          0.17894736842105266,
          0.18000000000000002,
          0.18095238095238098,
          0.18181818181818182,
          0.07500000000000001,
          0.12000000000000002,
          0.15000000000000002,
          0.17142857142857146,
          0.18750000000000003,
          0.2,
          0.21000000000000005,
          0.2181818181818182,
          0.22500000000000003,
          0.23076923076923078,
          0.23571428571428574,
          0.24000000000000002,
          0.24375000000000002,
          0.2470588235294118,
          0.25000000000000006,
          0.25263157894736843,
          0.25500000000000006,
          0.2571428571428572,
          0.25909090909090915,
          0.26086956521739135,
          0.08000000000000002,
          0.13333333333333333,
          0.17142857142857146,
          0.20000000000000004,
          0.22222222222222224,
          0.24,
          0.2545454545454546,
          0.26666666666666666,
          0.27692307692307694,
          0.28571428571428575,
          0.2933333333333334,
          0.30000000000000004,
          0.3058823529411765,
          0.3111111111111111,
          0.3157894736842105,
          0.32000000000000006,
          0.3238095238095239,
          0.3272727272727273,
          0.3304347826086957,
          0.33333333333333337,
          0.08333333333333334,
          0.14285714285714288,
          0.18750000000000003,
          0.22222222222222224,
          0.25,
          0.2727272727272727,
          0.29166666666666663,
          0.3076923076923077,
          0.32142857142857145,
          0.3333333333333333,
          0.34375,
          0.35294117647058826,
          0.3611111111111111,
          0.368421052631579,
          0.37500000000000006,
          0.38095238095238093,
          0.38636363636363635,
          0.391304347826087,
          0.3958333333333333,
          0.4,
          0.08571428571428572,
          0.15,
          0.2,
          0.24,
          0.2727272727272727,
          0.3,
          0.3230769230769231,
          0.34285714285714286,
          0.36000000000000004,
          0.37499999999999994,
          0.388235294117647,
          0.39999999999999997,
          0.4105263157894737,
          0.42000000000000004,
          0.4285714285714286,
          0.4363636363636363,
          0.44347826086956516,
          0.44999999999999996,
          0.45600000000000007,
          0.4615384615384615,
          0.08750000000000001,
          0.15555555555555556,
          0.21000000000000005,
          0.2545454545454546,
          0.29166666666666663,
          0.3230769230769231,
          0.35000000000000003,
          0.37333333333333335,
          0.39375000000000004,
          0.4117647058823529,
          0.4277777777777778,
          0.4421052631578948,
          0.455,
          0.46666666666666673,
          0.47727272727272735,
          0.4869565217391304,
          0.49583333333333335,
          0.504,
          0.5115384615384616,
          0.5185185185185185,
          0.0888888888888889,
          0.16000000000000003,
          0.2181818181818182,
          0.26666666666666666,
          0.3076923076923077,
          0.34285714285714286,
          0.37333333333333335,
          0.4000000000000001,
          0.4235294117647059,
          0.4444444444444445,
          0.46315789473684216,
          0.4800000000000001,
          0.49523809523809526,
          0.5090909090909091,
          0.5217391304347826,
          0.5333333333333333,
          0.5440000000000002,
          0.5538461538461539,
          0.562962962962963,
          0.5714285714285715,
          0.09000000000000001,
          0.16363636363636364,
          0.22500000000000003,
          0.27692307692307694,
          0.32142857142857145,
          0.36000000000000004,
          0.39375000000000004,
          0.4235294117647059,
          0.45,
          0.4736842105263158,
          0.49500000000000005,
          0.5142857142857145,
          0.531818181818182,
          0.5478260869565218,
          0.5625,
          0.5760000000000001,
          0.5884615384615386,
          0.6000000000000001,
          0.6107142857142858,
          0.6206896551724138,
          0.09090909090909091,
          0.16666666666666669,
          0.23076923076923078,
          0.28571428571428575,
          0.3333333333333333,
          0.37499999999999994,
          0.4117647058823529,
          0.4444444444444445,
          0.4736842105263158,
          0.5,
          0.5238095238095238,
          0.5454545454545455,
          0.5652173913043479,
          0.5833333333333333,
          0.6000000000000001,
          0.6153846153846154,
          0.6296296296296297,
          0.6428571428571429,
          0.6551724137931034,
          0.6666666666666666,
          0.09166666666666666,
          0.16923076923076924,
          0.23571428571428574,
          0.2933333333333334,
          0.34375,
          0.388235294117647,
          0.4277777777777778,
          0.46315789473684216,
          0.49500000000000005,
          0.5238095238095238,
          0.55,
          0.5739130434782609,
          0.5958333333333334,
          0.6160000000000001,
          0.6346153846153846,
          0.6518518518518519,
          0.6678571428571429,
          0.6827586206896552,
          0.6966666666666668,
          0.7096774193548387,
          0.09230769230769231,
          0.17142857142857146,
          0.24000000000000002,
          0.30000000000000004,
          0.35294117647058826,
          0.39999999999999997,
          0.4421052631578948,
          0.4800000000000001,
          0.5142857142857145,
          0.5454545454545455,
          0.5739130434782609,
          0.6000000000000001,
          0.6240000000000001,
          0.6461538461538462,
          0.6666666666666669,
          0.6857142857142858,
          0.703448275862069,
          0.7200000000000001,
          0.735483870967742,
          0.7500000000000001,
          0.09285714285714286,
          0.17333333333333334,
          0.24375000000000002,
          0.3058823529411765,
          0.3611111111111111,
          0.4105263157894737,
          0.455,
          0.49523809523809526,
          0.531818181818182,
          0.5652173913043479,
          0.5958333333333334,
          0.6240000000000001,
          0.6500000000000001,
          0.6740740740740743,
          0.6964285714285715,
          0.7172413793103449,
          0.7366666666666668,
          0.7548387096774195,
          0.7718750000000002,
          0.787878787878788,
          0.09333333333333332,
          0.17500000000000002,
          0.2470588235294118,
          0.3111111111111111,
          0.368421052631579,
          0.42000000000000004,
          0.46666666666666673,
          0.5090909090909091,
          0.5478260869565218,
          0.5833333333333333,
          0.6160000000000001,
          0.6461538461538462,
          0.6740740740740743,
          0.7000000000000001,
          0.7241379310344829,
          0.7466666666666667,
          0.7677419354838709,
          0.7875000000000001,
          0.8060606060606061,
          0.8235294117647058,
          0.09375,
          0.17647058823529413,
          0.25000000000000006,
          0.3157894736842105,
          0.37500000000000006,
          0.4285714285714286,
          0.47727272727272735,
          0.5217391304347826,
          0.5625,
          0.6000000000000001,
          0.6346153846153846,
          0.6666666666666669,
          0.6964285714285715,
          0.7241379310344829,
          0.7500000000000002,
          0.7741935483870968,
          0.7968750000000002,
          0.8181818181818182,
          0.8382352941176471,
          0.8571428571428573,
          0.09411764705882354,
          0.1777777777777778,
          0.25263157894736843,
          0.32000000000000006,
          0.38095238095238093,
          0.4363636363636363,
          0.4869565217391304,
          0.5333333333333333,
          0.5760000000000001,
          0.6153846153846154,
          0.6518518518518519,
          0.6857142857142858,
          0.7172413793103449,
          0.7466666666666667,
          0.7741935483870968,
          0.8000000000000002,
          0.8242424242424243,
          0.8470588235294119,
          0.8685714285714287,
          0.888888888888889,
          0.09444444444444446,
          0.17894736842105266,
          0.25500000000000006,
          0.3238095238095239,
          0.38636363636363635,
          0.44347826086956516,
          0.49583333333333335,
          0.5440000000000002,
          0.5884615384615386,
          0.6296296296296297,
          0.6678571428571429,
          0.703448275862069,
          0.7366666666666668,
          0.7677419354838709,
          0.7968750000000002,
          0.8242424242424243,
          0.8500000000000001,
          0.8742857142857144,
          0.8972222222222223,
          0.918918918918919,
          0.09473684210526316,
          0.18000000000000002,
          0.2571428571428572,
          0.3272727272727273,
          0.391304347826087,
          0.44999999999999996,
          0.504,
          0.5538461538461539,
          0.6000000000000001,
          0.6428571428571429,
          0.6827586206896552,
          0.7200000000000001,
          0.7548387096774195,
          0.7875000000000001,
          0.8181818181818182,
          0.8470588235294119,
          0.8742857142857144,
          0.9000000000000001,
          0.9243243243243245,
          0.9473684210526316,
          0.09500000000000001,
          0.18095238095238098,
          0.25909090909090915,
          0.3304347826086957,
          0.3958333333333333,
          0.45600000000000007,
          0.5115384615384616,
          0.562962962962963,
          0.6107142857142858,
          0.6551724137931034,
          0.6966666666666668,
          0.735483870967742,
          0.7718750000000002,
          0.8060606060606061,
          0.8382352941176471,
          0.8685714285714287,
          0.8972222222222223,
          0.9243243243243245,
          0.9500000000000001,
          0.9743589743589743,
          0.09523809523809523,
          0.18181818181818182,
          0.26086956521739135,
          0.33333333333333337,
          0.4,
          0.4615384615384615,
          0.5185185185185185,
          0.5714285714285715,
          0.6206896551724138,
          0.6666666666666666,
          0.7096774193548387,
          0.7500000000000001,
          0.787878787878788,
          0.8235294117647058,
          0.8571428571428573,
          0.888888888888889,
          0.918918918918919,
          0.9473684210526316,
          0.9743589743589743,
          1
         ]
        },
        {
         "hovertemplate": "Type=Arithmetic Mean<br>Precision=%{x}<br>Recall=%{y}<br>Value=%{z}<extra></extra>",
         "legendgroup": "Arithmetic Mean",
         "marker": {
          "color": "#EF553B",
          "opacity": 0.8,
          "size": 5,
          "symbol": "circle"
         },
         "mode": "markers",
         "name": "Arithmetic Mean",
         "scene": "scene",
         "showlegend": true,
         "type": "scatter3d",
         "x": [
          0.05,
          0.05,
          0.05,
          0.05,
          0.05,
          0.05,
          0.05,
          0.05,
          0.05,
          0.05,
          0.05,
          0.05,
          0.05,
          0.05,
          0.05,
          0.05,
          0.05,
          0.05,
          0.05,
          0.05,
          0.1,
          0.1,
          0.1,
          0.1,
          0.1,
          0.1,
          0.1,
          0.1,
          0.1,
          0.1,
          0.1,
          0.1,
          0.1,
          0.1,
          0.1,
          0.1,
          0.1,
          0.1,
          0.1,
          0.1,
          0.15000000000000002,
          0.15000000000000002,
          0.15000000000000002,
          0.15000000000000002,
          0.15000000000000002,
          0.15000000000000002,
          0.15000000000000002,
          0.15000000000000002,
          0.15000000000000002,
          0.15000000000000002,
          0.15000000000000002,
          0.15000000000000002,
          0.15000000000000002,
          0.15000000000000002,
          0.15000000000000002,
          0.15000000000000002,
          0.15000000000000002,
          0.15000000000000002,
          0.15000000000000002,
          0.15000000000000002,
          0.2,
          0.2,
          0.2,
          0.2,
          0.2,
          0.2,
          0.2,
          0.2,
          0.2,
          0.2,
          0.2,
          0.2,
          0.2,
          0.2,
          0.2,
          0.2,
          0.2,
          0.2,
          0.2,
          0.2,
          0.25,
          0.25,
          0.25,
          0.25,
          0.25,
          0.25,
          0.25,
          0.25,
          0.25,
          0.25,
          0.25,
          0.25,
          0.25,
          0.25,
          0.25,
          0.25,
          0.25,
          0.25,
          0.25,
          0.25,
          0.3,
          0.3,
          0.3,
          0.3,
          0.3,
          0.3,
          0.3,
          0.3,
          0.3,
          0.3,
          0.3,
          0.3,
          0.3,
          0.3,
          0.3,
          0.3,
          0.3,
          0.3,
          0.3,
          0.3,
          0.35000000000000003,
          0.35000000000000003,
          0.35000000000000003,
          0.35000000000000003,
          0.35000000000000003,
          0.35000000000000003,
          0.35000000000000003,
          0.35000000000000003,
          0.35000000000000003,
          0.35000000000000003,
          0.35000000000000003,
          0.35000000000000003,
          0.35000000000000003,
          0.35000000000000003,
          0.35000000000000003,
          0.35000000000000003,
          0.35000000000000003,
          0.35000000000000003,
          0.35000000000000003,
          0.35000000000000003,
          0.4,
          0.4,
          0.4,
          0.4,
          0.4,
          0.4,
          0.4,
          0.4,
          0.4,
          0.4,
          0.4,
          0.4,
          0.4,
          0.4,
          0.4,
          0.4,
          0.4,
          0.4,
          0.4,
          0.4,
          0.45,
          0.45,
          0.45,
          0.45,
          0.45,
          0.45,
          0.45,
          0.45,
          0.45,
          0.45,
          0.45,
          0.45,
          0.45,
          0.45,
          0.45,
          0.45,
          0.45,
          0.45,
          0.45,
          0.45,
          0.5,
          0.5,
          0.5,
          0.5,
          0.5,
          0.5,
          0.5,
          0.5,
          0.5,
          0.5,
          0.5,
          0.5,
          0.5,
          0.5,
          0.5,
          0.5,
          0.5,
          0.5,
          0.5,
          0.5,
          0.55,
          0.55,
          0.55,
          0.55,
          0.55,
          0.55,
          0.55,
          0.55,
          0.55,
          0.55,
          0.55,
          0.55,
          0.55,
          0.55,
          0.55,
          0.55,
          0.55,
          0.55,
          0.55,
          0.55,
          0.6000000000000001,
          0.6000000000000001,
          0.6000000000000001,
          0.6000000000000001,
          0.6000000000000001,
          0.6000000000000001,
          0.6000000000000001,
          0.6000000000000001,
          0.6000000000000001,
          0.6000000000000001,
          0.6000000000000001,
          0.6000000000000001,
          0.6000000000000001,
          0.6000000000000001,
          0.6000000000000001,
          0.6000000000000001,
          0.6000000000000001,
          0.6000000000000001,
          0.6000000000000001,
          0.6000000000000001,
          0.6500000000000001,
          0.6500000000000001,
          0.6500000000000001,
          0.6500000000000001,
          0.6500000000000001,
          0.6500000000000001,
          0.6500000000000001,
          0.6500000000000001,
          0.6500000000000001,
          0.6500000000000001,
          0.6500000000000001,
          0.6500000000000001,
          0.6500000000000001,
          0.6500000000000001,
          0.6500000000000001,
          0.6500000000000001,
          0.6500000000000001,
          0.6500000000000001,
          0.6500000000000001,
          0.6500000000000001,
          0.7000000000000001,
          0.7000000000000001,
          0.7000000000000001,
          0.7000000000000001,
          0.7000000000000001,
          0.7000000000000001,
          0.7000000000000001,
          0.7000000000000001,
          0.7000000000000001,
          0.7000000000000001,
          0.7000000000000001,
          0.7000000000000001,
